#This script will store and add structures to map file
def make_village(num):
    village1 = [#This is a standard rock village house from 0 on zed
    3,3,3,3,3,3,3,3,
    0,0,0,0,0,0,0,0,
    0,0,0,0,0,0,0,0,
    0,0,0,0,0,0,0,0,
    0,0,0,0,0,0,0,0,
    0,0,0,0,0,0,0,0,
    0,0,0,0,0,0,0,0,
    0,0,0,0,0,0,0,0,
    0,0,0,0,0,0,0,0,
    0,0,0,0,0,0,0,0,
    0,0,0,0,0,0,0,0,
    0,0,0,0,0,0,0,0,
    0,0,0,0,0,0,0,0,
    0,0,0,0,0,0,0,0,
    0,0,0,0,0,0,0,0,
    0,0,0,0,0,0,0,0,
    0,0,0,0,0,0,0,0,
    0,0,0,0,0,0,0,0,
    0,0,0,0,0,0,0,0,
    0,0,0,0,0,0,0,0,
    0,0,0,0,0,0,0,0,
    0,0,0,0,0,0,0,0,
    0,0,0,0,0,0,0,0,
    0,0,0,0,0,0,0,0,
    0,0,0,0,0,0,0,0,
    0,0,0,0,0,0,0,0,
    0,0,0,0,0,0,0,0,
    0,0,0,0,0,0,0,0,
    0,0,0,0,0,0,0,0,
    0,0,0,0,0,0,0,0,
    0,0,0,0,0,0,0,0,
    0,0,0,0,0,0,0,0,
    ]
    village2 = [
    3,3,3,3,3,3,3,3,
    0,5,5,5,5,5,5,0,
    0,5,5,5,5,5,5,0,
    0,5,5,5,5,5,5,0,
    0,5,5,5,5,5,5,0,
    0,5,5,5,5,5,5,0,
    0,5,5,5,5,5,5,0,
    0,0,0,0,0,0,0,0,
    0,0,0,0,0,0,0,0,
    0,0,0,0,0,0,0,0,
    0,0,0,0,0,0,0,0,
    0,0,0,0,0,0,0,0,
    0,0,0,0,0,0,0,0,
    0,0,0,0,0,0,0,0,
    0,0,0,0,0,0,0,0,
    0,0,0,0,0,0,0,0,
    0,0,0,0,0,0,0,0,
    0,0,0,0,0,0,0,0,
    0,0,0,0,0,0,0,0,
    0,0,0,0,0,0,0,0,
    0,0,0,0,0,0,0,0,
    0,0,0,0,0,0,0,0,
    0,0,0,0,0,0,0,0,
    0,0,0,0,0,0,0,0,
    0,0,0,0,0,0,0,0,
    0,0,0,0,0,0,0,0,
    0,0,0,0,0,0,0,0,
    0,0,0,0,0,0,0,0,
    0,0,0,0,0,0,0,0,
    0,0,0,0,0,0,0,0,
    0,0,0,0,0,0,0,0,
    0,0,0,0,0,0,0,0
    ]
    village3 = [
    3,3,3,3,3,3,3,3,
    0,5,5,5,5,5,5,0,
    0,5,0,0,0,0,5,0,
    0,5,0,0,0,0,5,0,
    0,5,0,0,0,0,5,0,
    0,5,0,0,0,0,5,0,
    0,5,5,5,5,5,5,0,
    0,0,0,0,0,0,0,0,
    0,0,0,0,0,0,0,0,
    0,0,0,0,0,0,0,0,
    0,0,0,0,0,0,0,0,
    0,0,0,0,0,0,0,0,
    0,0,0,0,0,0,0,0,
    0,0,0,0,0,0,0,0,
    0,0,0,0,0,0,0,0,
    0,0,0,0,0,0,0,0,
    0,0,0,0,0,0,0,0,
    0,0,0,0,0,0,0,0,
    0,0,0,0,0,0,0,0,
    0,0,0,0,0,0,0,0,
    0,0,0,0,0,0,0,0,
    0,0,0,0,0,0,0,0,
    0,0,0,0,0,0,0,0,
    0,0,0,0,0,0,0,0,
    0,0,0,0,0,0,0,0,
    0,0,0,0,0,0,0,0,
    0,0,0,0,0,0,0,0,
    0,0,0,0,0,0,0,0,
    0,0,0,0,0,0,0,0,
    0,0,0,0,0,0,0,0,
    0,0,0,0,0,0,0,0,
    0,0,0,0,0,0,0,0
    ]
    village4 = [
    3,3,3,3,3,3,3,3,
    0,5,5,5,5,5,5,0,
    0,5,0,0,0,0,5,0,
    0,5,0,0,0,0,5,0,
    0,5,0,0,0,0,5,0,
    0,5,0,0,0,0,5,0,
    0,5,5,5,5,5,5,0,
    0,0,0,0,0,0,0,0,
    0,0,0,0,0,0,0,0,
    0,0,0,0,0,0,0,0,
    0,0,0,0,0,0,0,0,
    0,0,0,0,0,0,0,0,
    0,0,0,0,0,0,0,0,
    0,0,0,0,0,0,0,0,
    0,0,0,0,0,0,0,0,
    0,0,0,0,0,0,0,0,
    0,0,0,0,0,0,0,0,
    0,0,0,0,0,0,0,0,
    0,0,0,0,0,0,0,0,
    0,0,0,0,0,0,0,0,
    0,0,0,0,0,0,0,0,
    0,0,0,0,0,0,0,0,
    0,0,0,0,0,0,0,0,
    0,0,0,0,0,0,0,0,
    0,0,0,0,0,0,0,0,
    0,0,0,0,0,0,0,0,
    0,0,0,0,0,0,0,0,
    0,0,0,0,0,0,0,0,
    0,0,0,0,0,0,0,0,
    0,0,0,0,0,0,0,0,
    0,0,0,0,0,0,0,0,
    0,0,0,0,0,0,0,0,
    ]
    village5 = [
    3,3,3,3,3,3,3,3,
    0,5,5,5,5,5,5,0,
    0,5,0,0,0,0,5,0,
    0,5,0,0,0,0,5,0,
    0,5,0,0,0,0,5,0,
    0,5,0,0,0,0,5,0,
    0,5,5,5,5,5,5,0,
    0,0,0,0,0,0,0,0,
    0,0,0,0,0,0,0,0,
    0,0,0,0,0,0,0,0,
    0,0,0,0,0,0,0,0,
    0,0,0,0,0,0,0,0,
    0,0,0,0,0,0,0,0,
    0,0,0,0,0,0,0,0,
    0,0,0,0,0,0,0,0,
    0,0,0,0,0,0,0,0,
    0,0,0,0,0,0,0,0,
    0,0,0,0,0,0,0,0,
    0,0,0,0,0,0,0,0,
    0,0,0,0,0,0,0,0,
    0,0,0,0,0,0,0,0,
    0,0,0,0,0,0,0,0,
    0,0,0,0,0,0,0,0,
    0,0,0,0,0,0,0,0,
    0,0,0,0,0,0,0,0,
    0,0,0,0,0,0,0,0,
    0,0,0,0,0,0,0,0,
    0,0,0,0,0,0,0,0,
    0,0,0,0,0,0,0,0,
    0,0,0,0,0,0,0,0,
    0,0,0,0,0,0,0,0,
    0,0,0,0,0,0,0,0,
    ]
    village6 = [
    3,3,3,3,3,3,3,3,
    0,5,5,5,5,5,5,0,
    0,5,0,0,0,0,5,0,
    0,5,0,0,0,0,5,0,
    0,5,0,0,0,0,5,0,
    0,5,0,0,0,0,5,0,
    0,5,5,5,5,5,5,0,
    0,0,0,0,0,0,0,0,
    0,0,0,0,0,0,0,0,
    0,0,0,0,0,0,0,0,
    0,0,0,0,0,0,0,0,
    0,0,0,0,0,0,0,0,
    0,0,0,0,0,0,0,0,
    0,0,0,0,0,0,0,0,
    0,0,0,0,0,0,0,0,
    0,0,0,0,0,0,0,0,
    0,0,0,0,0,0,0,0,
    0,0,0,0,0,0,0,0,
    0,0,0,0,0,0,0,0,
    0,0,0,0,0,0,0,0,
    0,0,0,0,0,0,0,0,
    0,0,0,0,0,0,0,0,
    0,0,0,0,0,0,0,0,
    0,0,0,0,0,0,0,0,
    0,0,0,0,0,0,0,0,
    0,0,0,0,0,0,0,0,
    0,0,0,0,0,0,0,0,
    0,0,0,0,0,0,0,0,
    0,0,0,0,0,0,0,0,
    0,0,0,0,0,0,0,0,
    0,0,0,0,0,0,0,0,
    0,0,0,0,0,0,0,0,
    ]
    village7 = [
    3,3,3,3,3,3,3,3,
    0,5,5,5,5,5,5,0,
    0,5,5,0,0,5,5,0,
    0,5,5,0,0,5,5,0,
    0,5,5,5,5,5,5,0,
    0,5,5,5,5,5,5,0,
    0,5,5,5,5,5,5,0,
    0,0,0,0,0,0,0,0,
    0,0,0,0,0,0,0,0,
    0,0,0,0,0,0,0,0,
    0,0,0,0,0,0,0,0,
    0,0,0,0,0,0,0,0,
    0,0,0,0,0,0,0,0,
    0,0,0,0,0,0,0,0,
    0,0,0,0,0,0,0,0,
    0,0,0,0,0,0,0,0,
    0,0,0,0,0,0,0,0,
    0,0,0,0,0,0,0,0,
    0,0,0,0,0,0,0,0,
    0,0,0,0,0,0,0,0,
    0,0,0,0,0,0,0,0,
    0,0,0,0,0,0,0,0,
    0,0,0,0,0,0,0,0,
    0,0,0,0,0,0,0,0,
    0,0,0,0,0,0,0,0,
    0,0,0,0,0,0,0,0,
    0,0,0,0,0,0,0,0,
    0,0,0,0,0,0,0,0,
    0,0,0,0,0,0,0,0,
    0,0,0,0,0,0,0,0,
    0,0,0,0,0,0,0,0,
    0,0,0,0,0,0,0,0,
    ]
    village8 = [
    3,3,3,3,3,3,3,3,
    0,0,0,0,0,0,0,0,
    0,0,0,0,0,0,0,0,
    0,0,0,0,0,0,0,0,
    0,0,0,0,0,0,0,0,
    0,0,0,0,0,0,0,0,
    0,0,0,0,0,0,0,0,
    0,0,0,0,0,0,0,0,
    0,0,0,0,0,0,0,0,
    0,0,0,0,0,0,0,0,
    0,0,0,0,0,0,0,0,
    0,0,0,0,0,0,0,0,
    0,0,0,0,0,0,0,0,
    0,0,0,0,0,0,0,0,
    0,0,0,0,0,0,0,0,
    0,0,0,0,0,0,0,0,
    0,0,0,0,0,0,0,0,
    0,0,0,0,0,0,0,0,
    0,0,0,0,0,0,0,0,
    0,0,0,0,0,0,0,0,
    0,0,0,0,0,0,0,0,
    0,0,0,0,0,0,0,0,
    0,0,0,0,0,0,0,0,
    0,0,0,0,0,0,0,0,
    0,0,0,0,0,0,0,0,
    0,0,0,0,0,0,0,0,
    0,0,0,0,0,0,0,0,
    0,0,0,0,0,0,0,0,
    0,0,0,0,0,0,0,0,
    0,0,0,0,0,0,0,0,
    0,0,0,0,0,0,0,0,
    0,0,0,0,0,0,0,0,
    ]
    if num == 1:
        return village1
    if num == 2:
        return village2
    if num == 3:
        return village3
    if num == 4:
        return village4
    if num == 5:
        return village5
    if num == 6:
        return village6
    if num == 7:
        return village7
    if num == 8:
        return village8
